#name	chrom	strand	txStart	txEnd	cdsStart	cdsEnd	exonCount	exonStarts	exonEnds	proteinID	alignID
ENST00000673600.1	chr9	-	27535639	27573494	27548381	27567120	12	27535639,27548114,27548556,27550649,27556560,27558490,27560226,27561584,27562380,27565530,27566676,27573430,	27536286,27548418,27548666,27550707,27556796,27558607,27560299,27561649,27562476,27565590,27567164,27573494,		uc288mek.1
ENST00000619707.4	chr9	-	27546544	27573866	27548235	27567120	11	27546544,27548556,27550649,27556560,27558490,27560226,27561584,27562380,27565530,27566676,27573708,	27548422,27548666,27550707,27556796,27558607,27560299,27561649,27562476,27565590,27567164,27573866,	Q96LT7	uc022bfa.2
ENST00000380003.7	chr9	-	27546545	27573450	27548235	27567120	11	27546545,27548556,27550649,27556560,27558490,27560226,27561584,27562380,27565530,27566676,27573430,	27548422,27548666,27550707,27556796,27558607,27560299,27561649,27562476,27565590,27567164,27573450,	Q96LT7	uc003zqq.4
ENST00000488117.5	chr9	-	27546554	27573448	27546554	27546554	10	27546554,27548556,27550649,27556560,27558490,27561584,27562380,27565530,27566676,27573430,	27548422,27548666,27550707,27556796,27560299,27561649,27562476,27565590,27567164,27573448,		uc064sml.1
ENST00000644136.1	chr9	-	27547107	27573457	27548235	27567120	12	27547107,27548556,27550649,27554592,27556560,27558490,27560226,27561584,27562380,27565530,27566676,27573430,	27548422,27548666,27550707,27554625,27556796,27558607,27560299,27561649,27562476,27565590,27567164,27573457,	A0A2R8Y5K2	uc286bvb.1
ENST00000647196.1	chr9	-	27556455	27573819	27556529	27567120	9	27556455,27558490,27560226,27561584,27562380,27565530,27566676,27571135,27573786,	27556796,27558607,27560299,27561649,27562476,27565590,27567164,27571260,27573819,	A0A2R8Y5U5	uc286bvc.1
ENST00000379997.7	chr9	-	27560500	27573866	27561580	27567120	5	27560500,27562380,27565530,27566676,27573786,	27561649,27562476,27565590,27567164,27573866,	Q96LT7	uc003zqr.2
ENST00000379995.1	chr9	-	27561548	27573755	27561580	27567120	5	27561548,27562380,27565530,27566676,27573723,	27561649,27562476,27565590,27567164,27573755,	Q96LT7	uc064smm.1
ENST00000461679.1	chr9	-	27561589	27573866	27561589	27561589	5	27561589,27562380,27565530,27566676,27573708,	27561649,27562476,27565590,27567164,27573866,		uc064smn.1
