#name	chrom	strand	txStart	txEnd	cdsStart	cdsEnd	exonCount	exonStarts	exonEnds	proteinID	alignID
ENST00000608362.2	chr7	-	26173056	26201301	26192515	26200577	11	26173056,26192494,26193250,26193574,26195846,26196400,26196556,26196806,26197314,26197621,26200571,	26174782,26192577,26193373,26193694,26195909,26196481,26196658,26197017,26197461,26197732,26201301,	P22626	uc285zjw.1
ENST00000476233.1	chr7	-	26189926	26191678	26189926	26189926	2	26189926,26190992,	26190460,26191678,		uc064cdu.1
ENST00000354667.8	chr7	-	26189926	26200746	26192515	26200577	12	26189926,26192494,26193250,26193574,26195846,26196400,26196556,26196806,26197314,26197621,26197830,26200571,	26192338,26192577,26193373,26193694,26195909,26196481,26196658,26197017,26197461,26197732,26197866,26200746,	P22626	uc003sxr.5
ENST00000618183.4	chr7	-	26189935	26200793	26193301	26200577	11	26189935,26192494,26193250,26193574,26195846,26196584,26196806,26197314,26197621,26197830,26200571,	26192338,26192577,26193373,26193694,26195855,26196658,26197017,26197461,26197732,26197866,26200793,	A0A087WUI2	uc064cdv.1
ENST00000360787.8	chr7	-	26190124	26200746	26192515	26200577	13	26190124,26190992,26192494,26193250,26193574,26195846,26196400,26196556,26196806,26197314,26197621,26197830,26200571,	26190460,26191128,26192577,26193373,26193694,26195909,26196481,26196658,26197017,26197461,26197732,26197866,26200746,	P22626	uc064cdw.1
ENST00000463181.5	chr7	-	26190303	26200784	26190303	26190303	9	26190303,26193250,26193574,26195846,26196400,26196556,26196806,26197314,26197621,	26192577,26193373,26193694,26195909,26196481,26196658,26197017,26197461,26200784,		uc064cdx.1
ENST00000356674.7	chr7	-	26191843	26200746	26192515	26200577	11	26191843,26192494,26193250,26193574,26195846,26196400,26196556,26196806,26197314,26197621,26200571,	26192338,26192577,26193373,26193694,26195909,26196481,26196658,26197017,26197461,26197732,26200746,	P22626	uc003sxs.5
ENST00000490912.5	chr7	-	26191848	26201529	26191848	26191848	10	26191848,26192494,26193250,26193574,26195846,26196400,26196556,26196806,26197314,26197621,	26192338,26192577,26193373,26193694,26195909,26196481,26196658,26197017,26197461,26201529,		uc064cdy.1
ENST00000495810.1	chr7	-	26195711	26196907	26195711	26195711	4	26195711,26196400,26196556,26196806,	26195909,26196481,26196658,26196907,		uc064cdz.1
